0.07936382293701172
0.08825182914733887
0.07753896713256836
0.23363900184631348
0.07755899429321289
0.07949066162109375
0.08438301086425781
0.07480907440185547
0.15674901008605957
0.07949614524841309
0.08092308044433594
0.07781004905700684
0.07586908340454102
0.08175396919250488
0.08153724670410156
0.07620024681091309
0.07492184638977051
0.07493209838867188
0.07571578025817871
0.11514568328857422

time for Request #1
0.14125990867614746
0.14586901664733887
0.14700555801391602
0.14214491844177246
0.14808011054992676
0.14915084838867188
0.13483905792236328
0.14267182350158691
0.14278006553649902
0.13663673400878906
0.14697694778442383
0.13567423820495605
0.14770030975341797
0.13857674598693848
0.14252305030822754
0.13548779487609863
0.14458394050598145
0.13472604751586914
0.16942095756530762
0.14246678352355957


Time
0.029854774475097656
0.026155710220336914
0.03199315071105957
0.033473968505859375
0.03950142860412598






0.13993597030639648
0.13890290260314941
0.13629627227783203
0.1428380012512207
0.14500904083251953
0.14142203330993652
0.13632941246032715
0.13805103302001953
