time for Request #3
0.050395965576171875
0.04818463325500488
0.04747629165649414
0.04768037796020508
0.04788994789123535
0.05119943618774414
0.04768681526184082
0.04879593849182129
0.0474390983581543
0.04833221435546875
0.04851222038269043
0.14441323280334473
0.048928260803222656
0.04838871955871582
0.04768824577331543
0.0476832389831543
0.04733896255493164
0.047564029693603516
0.04799389839172363
0.048610687255859375

time for Request #1
0.14852309226989746
0.15152621269226074
0.15338611602783203
0.14584088325500488
0.14323878288269043
0.14437484741210938
0.14755988121032715
0.1454167366027832
0.14368319511413574
0.15154123306274414
0.145798921585083
0.15124917030334473
0.14719891548156738
0.14818882942199707
0.1441330909729004
0.1468510627746582
0.15917229652404785
0.14665484428405762
0.14557695388793945
0.15851211547851562

Time
4.4243669509887695
4.381172180175781
4.774021863937378
4.457124948501587
4.340778827667236

4.3082311153411865





4.404266595840454
4.721137523651123
4.6185150146484375
4.45538330078125
4.360603094100952
4.8721113204956055
