Time for Request #3
0.04099702835083008
0.02277374267578125
0.02248406410217285
0.02413010597229004
0.034848690032958984
0.02339911460876465
0.022341012954711914
0.022635936737060547
0.02234935760498047
0.022126197814941406
0.02782893180847168
0.02295231819152832
0.02232980728149414
0.022753238677978516
0.022126197814941406
0.03333473205566406
0.022497177124023438
0.022262096405029297
0.023021221160888672
0.023366689682006836


time for Request #1
0.16859722137451172
0.16707611083984375
0.16350412368774414
0.16706395149230957
0.16640996932983398
0.16297221183776855
0.16420292854309082
0.16608595848083496
0.16400599479675293
0.16637611389160156
0.16246819496154785
0.16341185569763184
0.1679670810699463
0.16492891311645508
0.1666584014892578
0.16421866416931152
0.16545391082763672
0.18094921112060547
0.1630711555480957
0.16894769668579102

Time
0.032149314880371094
0.031915903091430664
0.030839920043945312
0.02837204933166504
0.02875518798828125
0.02762126922607422

0.030694961547851562
0.09760069847106934





0.20562505722045898
0.1909627914428711
0.19058632850646973
0.19377994537353516
0.2772831916809082
